2013100109 130 6.86096904615 4.1171990626 1.32491082824 1.10409124922 752 1.18841933067 0.526783433996
2013100118 130 6.92405423846 3.86592493818 1.2272832178 0.51331231583 768 1.11704140304 0.356760045802
2013100209 130 7.02096691538 3.89359721026 1.34017547918 0.882420911313 761 1.1330242452 0.335362220482
2013100218 130 7.40188425385 4.63814164303 1.27229701375 0.861367556504 805 1.16517421745 0.501949104783
2013100309 130 7.07902325385 4.35782026003 1.19348052341 0.565899765245 830 1.12309194139 0.287619701738
2013100318 130 7.02119492308 4.79059929458 1.16790108489 0.69527054151 840 1.14516907814 0.561327105229
2013100409 130 7.2914853 4.42349869192 1.27711504608 0.72862248244 822 1.21600201465 0.508076333897
2013100418 130 9.1781661 4.25749692104 1.46206859401 1.15963570671 969 1.17862596848 0.616740729885
2013100509 130 9.52713554615 3.98307039225 1.23294769908 0.618171484384 1117 0.91638957709 0.427710495586
2013100518 130 9.45570748462 3.78033538701 1.18582095373 0.488344607463 1142 0.977765784216 0.6781170252
2013100609 130 8.21890544615 4.21821800914 1.36009517769 0.726436428704 868 1.2519047508 0.798988482163
2013100618 130 7.16943350769 4.19786991701 1.32222406603 0.644554645616 741 1.2185768315 0.567194251996
2013100709 130 9.63933335385 5.14486247678 2.07280101392 1.15895270445 687 1.72311886447 0.983092035931
2013100718 130 6.85740582308 3.93804343754 1.20288996378 0.461749964055 774 1.00561199634 0.170670820095
2013100809 130 8.038081 4.67106221219 1.48762216397 0.690731744146 747 1.21354236874 0.518403639205
2013100818 130 9.13600249231 4.31973949243 1.13132188072 0.382303111862 1070 1.00083562826 0.11439964662
2013100909 130 9.20353006923 4.75558435326 1.37996212399 0.551314595588 905 1.14816279276 0.370006540358
2013100918 130 8.85772000769 4.81509972871 1.33842142521 0.489163206109 883 0.99587457265 0.0872511212676
2013101009 129 9.93333112403 4.6622037143 1.27315700098 0.52322860578 1054 1.01524970357 0.165338814346
2013101018 129 10.3711324496 4.16101015327 1.25024442205 0.409659225925 1114 0.961953082878 0.0568560125729
2013101109 130 9.83252491538 4.74295696446 1.51042746053 0.644390258154 886 1.12783107448 0.418459959635
2013101118 130 10.0906201077 4.23236456234 1.10552870075 0.373157873134 1215 0.919326221001 0.0887226646075
2013101209 130 9.36949194615 4.10699429026 1.15311817062 0.399291620863 1100 1.00138469308 0.140639309812
2013101218 130 9.21351429231 4.14571477845 1.17943755147 0.411584906809 1058 0.989748987124 0.177345192271
2013101309 130 7.96732320769 4.44017180591 1.26140330284 0.474416925328 860 1.04648171551 0.254559237626
2013101318 130 8.16606753846 4.54934764257 1.23321815674 0.469001305386 886 1.05553574481 0.277274783564
2013101409 130 9.32737977692 4.10205021128 1.254898166 0.599058572983 1080 1.01127248585 0.332214968518
2013101418 130 10.1318407769 4.14860246389 1.19591089717 0.461976724068 1172 0.96299482462 0.263787600478
2013101509 130 10.6583514462 4.63560699854 1.27432245702 0.515302345379 1144 0.974528840604 0.286549851542
2013101518 130 12.0873162769 4.49955798907 1.28447222607 0.428566354481 1254 0.88835533633 0.114931642974
2013101609 130 10.0970969077 5.06300865973 1.39812880697 0.825745238282 1062 0.946342968143 0.192080099929
2013101618 130 11.9029617231 4.8708438834 1.53465972333 0.870603474273 1159 0.845823884449 0.397706878042
2013101709 130 11.9235096769 5.17020523378 1.97480789418 0.812255950899 877 1.03588838384 0.193574754579
2013101718 130 11.8693073538 5.48278963865 1.52312947188 0.813982527499 1149 0.939252428127 0.300265026902
2013101809 130 12.2402136154 5.33662952807 1.51968128474 0.692659222477 1167 0.938206310356 0.272436315726
2013101818 130 10.8858470231 4.97640881679 1.49123235626 0.610721269547 1008 0.97441974137 0.161301048012
2013101909 130 9.11845618462 5.3231266602 1.21972990513 0.699539807866 1040 0.930789266289 0.31057186576
2013101918 130 9.22570964615 5.19190553824 1.80240125871 2.3956069473 1032 1.07936316739 0.499225491429
2013102009 108 8.11687434259 5.41093070258 1.33506678508 0.733441824389 803 0.962853087756 0.10197749478
2013102018 100 8.51472574 5.22052491111 1.41896790724 0.800259774237 812 0.924634848485 0.104610796456
2013102109 97 8.67393694845 5.25647896768 1.39955859456 0.702917112336 794 0.893594189316 0.159010570357
2013102118 130 12.5366221692 4.77828145528 1.39848664597 0.607471007768 1236 0.951089224664 0.1020761522
2013102209 130 12.3758773231 4.24845436911 1.33272187946 0.552214080433 1273 0.981631709957 0.0962931193946
2013102218 130 11.9291147 4.82493182219 1.43692554873 0.529487294537 1135 1.11576893384 0.684867485732
2013102309 130 10.4793997538 4.52079579858 1.53328292821 0.920444900417 1142 1.56158186813 2.16587997258
2013102318 130 10.9875975692 5.03639591773 1.24645414365 0.467153536212 1239 1.32884170274 1.05173422312
2013102409 130 9.28544672308 4.65013946402 1.19927297673 0.65018874607 1165 1.44332431457 1.52391289806
2013102418 130 8.67670183846 4.52327820654 1.18500905097 0.669791742378 1132 1.37133843379 1.4191641174
2013102509 130 7.349635 3.84390722339 1.19996308084 0.807695997866 1048 1.49496637529 1.7453462091
2013102518 130 8.14213648462 4.25943667448 1.24279718957 0.81520777496 1140 1.65251177156 2.06318979742
2013102609 130 8.04682986154 4.27660427432 1.224333228 0.697391532149 1108 1.35752543013 1.31661346704
2013102618 130 8.13960080769 4.30308643787 1.28404136684 0.881571167815 1132 1.86866993007 2.4737498574
2013102709 130 7.95622806154 4.57481574186 1.30017703543 0.765877688146 1065 1.51388449883 1.25429379684
2013102718 130 7.86117028462 4.49157939283 1.41815895728 0.942862515419 1032 1.83870652681 2.01748845908
2013102809 130 7.23760336154 4.1056525567 1.38673618145 0.958720838423 1004 1.85266643357 2.15351125082
2013102818 130 10.6128716615 5.10475865456 1.68405895159 0.705648752676 1012 1.79293919969 2.16666899783
2013102909 130 9.96103735385 4.98762410242 1.66533737994 0.884442864712 1033 2.03647752803 2.94195482518
2013102918 130 9.72495150769 5.10764077263 1.5151801323 0.76709068677 1094 1.59445050783 1.47534325265
2013103009 130 9.35590567692 4.66769002022 1.44733870152 0.923899089314 1192 2.00201429681 2.46189931949
2013103018 130 9.80588281538 5.09662182009 1.42517918438 0.837942554585 1174 1.49993781219 1.6058626902
2013103109 130 11.1817200385 4.87282048029 1.27927940686 0.692377219656 1317 1.28069429182 1.47270975147
2013103118 130 10.2994341692 4.96948415608 1.19690612277 0.706931299675 1299 1.44812294095 1.92277225619
