2013090109 123 11.1893778211 5.66271038061 1.21909794167 0.432290960199 1153 1.00111339586 0.0893183866972
2013090118 120 10.1070574667 5.93730889893 1.26906706718 0.403865415579 941 1.03672822872 0.111390664217
2013090209 112 11.2207407143 4.93258020676 1.05973785463 0.392151768819 1199 0.927864522135 0.103847528365
2013090218 118 11.7782982712 4.82777800805 1.10468878934 0.453574180363 1290 0.942337536992 0.134790689564
2013090309 117 10.3787680342 5.55082861031 1.1506005462 0.442736052686 1068 0.950837955255 0.19479637408
2013090318 130 13.4525288462 4.5178014685 1.28931534248 0.3821487634 1366 0.968069405594 0.14541600341
2013090409 116 13.4693380517 4.79230736375 1.46980203678 0.323360979633 1053 1.03512513062 0.0962160021998
2013090418 125 12.13279716 4.8850622749 1.26405539688 0.422509070286 1213 0.98120197114 0.131710475731
2013090509 116 9.25620693103 5.62641017004 1.19482389246 0.335532574517 849 1.03151092825 0.100934133623
2013090518 130 13.0840741308 4.64032918995 1.19390408687 0.407835915722 1440 0.941336421911 0.128335232338
2013090609 129 8.84093907752 5.50068419451 1.12733561251 0.513019071987 1000 1.05046214638 0.164728611647
2013090618 130 10.6258228385 4.00432576469 0.997257403603 0.355820920461 1403 0.988132478632 0.176525364633
2013090709 129 10.3387874341 4.11095183056 0.987079972341 0.373314753702 1371 0.839378779489 0.303584262919
2013090718 129 9.80383681395 4.50970253412 1.02050903439 0.367039496043 1239 1.02234253666 0.141248015205
2013090809 126 9.35170720635 4.45093536953 1.02746672535 0.502948443633 1193 0.958175960283 0.22075932839
2013090818 121 9.63945160331 4.21419236836 0.951240141583 0.361771060378 1242 0.992723471432 0.267151018469
2013090909 125 9.448084408 4.7726638542 1.18580687915 1.46912108868 1161 1.10516294372 0.370153551863
2013090918 129 10.6867967752 4.59237387403 1.11112562312 0.78645795558 1341 0.982537557189 0.164920863905
2013091009 127 9.69496401575 4.64959791505 1.04624858091 0.374830912467 1183 1.04125089762 0.209247508573
2013091018 129 10.7301709612 4.33790949905 1.04846663421 0.366288585311 1323 0.997786421804 0.134152214364
2013091109 128 8.10635990625 4.84378217967 1.01341217202 0.365776925548 1021 1.07670978197 0.235152822121
2013091118 123 9.41056755285 4.40812611255 0.906613476947 0.357067873037 1275 0.936834254273 0.137365958501
2013091209 129 8.81306497674 4.19282137149 0.882507587106 0.333135320187 1295 1.17356588588 0.572584244835
2013091218 129 9.93684765891 5.17108053198 1.04132904947 0.425248785475 1228 1.23061807443 0.574193332581
2013091309 126 9.715634 4.93284007774 1.02362436954 0.548902556435 1244 1.13438158226 0.527752963031
2013091318 129 10.2989998837 4.72511465659 1.10908104191 0.390943475781 1197 1.22616898498 0.51163207238
2013091409 129 10.3221352558 4.38671153933 1.02029967179 0.371821423348 1317 1.09345049051 0.413501980404
2013091418 129 9.79049400775 3.95903482625 0.992548669093 0.354110627661 1299 1.13103651129 0.431363149048
2013091509 129 8.40771688372 4.63430179456 1.09393016454 0.347475187353 977 1.19359848485 0.421230433509
2013091518 129 9.6860615969 4.20278149439 1.01289306818 0.379335500421 1261 1.13196192825 0.395695154393
2013091609 129 9.23254741085 4.06936559538 1.02120453436 0.38477379452 1222 1.16386201998 0.553669744316
2013091618 129 9.80792510853 3.37517720648 1.01903122886 0.375223634185 1293 1.0886981694 0.378676287095
2013091709 128 9.53656655469 3.46751783988 1.05495431915 0.532008495182 1273 1.03073272908 0.161143774422
2013091718 126 10.0231253968 3.41809045011 1.02655049102 0.354065373049 1285 0.975079035823 0.112634213586
2013091809 125 8.93544912 3.48487143345 1.01240832786 0.53125737367 1204 1.00470204618 0.127254897627
2013091818 124 7.58629625 3.93344017526 1.13150469673 0.404283374991 865 1.05233559966 0.224232455226
2013091909 124 8.13766084677 4.08355875636 1.11603454175 0.371821259103 953 0.935446210376 0.281928653956
2013091918 124 7.84750934677 3.23292265829 0.949309733595 0.409272297193 1139 0.938901672252 0.243964761412
2013092009 123 5.12001426829 4.24320951673 0.886016805072 0.641456293627 781 0.761922861014 0.501470516613
2013092018 92 7.71462036957 4.8490707665 1.09940129379 0.504150378065 775 1.04235186492 0.229447833466
2013092109 76 7.51077818421 5.17513248426 1.2849675316 0.633389690184 546 1.04767886098 0.285102809348
2013092118 63 7.27094271429 5.38364470117 1.3154868293 0.689463499557 427 1.02903559404 0.110324605411
2013092209 111 6.82897223423 3.87974873484 1.09167344495 0.356686162146 737 1.10251812527 0.19743625065
2013092218 107 6.8914277757 4.22241603484 1.04888546543 0.338262743616 726 1.12004868781 0.32391661915
2013092309 106 7.08733951887 4.71543985717 1.05440821108 0.36037030957 721 1.05232914046 0.233357615072
2013092318 114 7.02436046491 4.48030505025 1.15898595229 0.605782891859 742 1.08921305157 0.324489922605
2013092409 100 6.9995902 4.28549714798 1.04271653208 0.376417045642 687 1.03773095238 0.228258253883
2013092418 100 7.79833813 4.48092817372 1.05909050288 0.354789445642 743 1.05063734127 0.297824236105
2013092509 130 5.85741058462 4.20524943291 0.965688437912 0.44279714105 772 1.83744386447 1.24833818936
2013092518 130 8.85784423077 3.71275509309 1.36272324387 1.20839053679 1131 2.08568494561 2.74549870909
2013092609 124 8.20843775 4.09675569213 1.12958638946 0.525808827619 1056 1.81823993099 1.91331820411
2013092618 99 10.5091435455 4.28154007513 1.00812323582 0.368132548548 1057 0.975371875319 0.132432905553
2013092709 130 8.90841411538 4.56713008157 1.12609606993 0.475430850186 1140 1.84048897491 1.63826393495
2013092718 129 8.17122568217 4.78265942517 1.09820513639 0.440826460685 981 1.05015912447 0.278210685171
2013092809 130 8.33504615385 4.22251123462 1.1715608688 0.607237571567 991 1.13080622711 0.471179398959
2013092818 130 7.83227346923 3.71229322659 1.06759239901 0.474935605695 1045 1.04980998723 0.37929831981
2013092909 130 8.14061676923 3.94457357569 1.13028615407 0.677293474175 1046 0.994128785104 0.53053736482
2013092918 130 6.68902331538 4.0894126704 1.31283053269 0.774998814005 723 1.26785363248 0.693445221237
2013093009 130 6.82418752308 4.31105753147 1.46875855427 1.67876739962 727 1.23453568376 0.769674212058
